period ranges:                              min                       max
period                                                    
P1     2026-09-27 08:11:00+00:00 2026-09-28 13:39:00+00:00
P2     2026-09-28 13:39:00+00:00 2026-09-30 01:05:00+00:00
P3     2026-09-30 01:06:00+00:00 2026-10-01 05:32:00+00:00
P4     2026-10-01 05:32:00+00:00 2026-10-02 15:30:00+00:00

=== STRATEGY (all periods) ===
                         n     bars    wr    pf  exp_bps  t_stat  gross_bps      net  avg_win  avg_loss    mfe     mae   hold  fwd30
family                                                                                                                              
volatility           9.000    3.000 0.111 0.583   -4.045  -0.225      4.621   -0.087    0.122    -0.026 24.251 -17.798  7.872 17.762
order_flow        2105.000  263.000 0.323 0.562   -8.915  -4.880     -0.715  -38.233    0.072    -0.061 23.169 -17.883  8.152 15.111
vwap             11967.000 1786.000 0.383 0.348  -12.727 -21.812     -3.996 -349.042    0.041    -0.072 18.454 -19.127 12.160 -0.627
mean_reversion   11975.000 1233.000 0.348 0.237  -12.861 -23.446     -4.007 -339.933    0.025    -0.057 13.670 -16.223  7.666  0.881
scalping          5747.000 1252.000 0.190 0.136  -12.961 -34.562     -4.322 -183.855    0.027    -0.046  9.226 -11.746  3.244 -3.725
momentum          5335.000  399.000 0.192 0.293  -14.823 -10.438     -6.296 -177.762    0.072    -0.058 18.467 -16.756  9.335 -2.717
market_structure  1901.000  479.000 0.188 0.281  -15.033 -14.119     -6.428  -62.067    0.068    -0.056 18.338 -18.679 10.648 -1.284
hybrid            2100.000  844.000 0.185 0.236  -16.934 -20.348     -8.442  -64.865    0.052    -0.050 16.214 -17.850  8.555 -3.426
breakout          1721.000  133.000 0.161 0.232  -17.207  -7.102     -8.650  -72.128    0.079    -0.065 16.919 -18.997  7.881 -3.122
trend_following    427.000   76.000 0.232 0.388  -17.536  -3.943     -9.155  -15.596    0.100    -0.078 32.556 -27.068 23.028  2.244

=== STRATEGY x PERIOD exp_bps (n) ===
                       e                                n                           
period                P1      P2      P3      P4       P1       P2       P3       P4
family                                                                              
breakout         -22.055 -16.233 -19.753  -9.723  705.000  244.000  259.000  513.000
hybrid           -17.159 -16.849 -17.759 -10.089  949.000  663.000  415.000   73.000
market_structure -15.514 -14.591 -15.952 -13.376  941.000  608.000  155.000  197.000
mean_reversion   -14.420 -12.500 -12.758 -12.645 1532.000 3786.000 3677.000 2980.000
momentum         -15.604 -11.759 -19.173  -9.171 1062.000 1301.000 1995.000  977.000
order_flow       -16.222 -10.986 -13.067  -6.454  211.000  125.000  386.000 1383.000
scalping         -12.726 -14.847 -12.769 -12.000 3879.000  795.000  575.000  498.000
trend_following  -29.169     NaN  -0.719 -12.939  136.000      NaN   20.000  271.000
volatility        -4.045     NaN     NaN     NaN    9.000      NaN      NaN      NaN
vwap             -17.494 -10.569 -12.639 -12.918 1398.000 3300.000 3339.000 3930.000

=== STRATEGY x PERIOD gross_bps ===
period                P1     P2      P3     P4
family                                        
breakout         -13.380 -7.691 -10.940 -1.449
hybrid            -8.740 -8.284  -9.149 -1.983
market_structure  -6.936 -5.972  -7.213 -4.790
mean_reversion    -5.560 -3.609  -3.883 -3.865
momentum          -7.111 -3.278 -10.433 -0.982
order_flow        -7.620 -2.469  -4.738  1.620
scalping          -4.117 -6.104  -4.078 -3.355
trend_following  -20.417    NaN   7.386 -4.724
volatility         4.621    NaN     NaN    NaN
vwap              -8.758 -1.807  -3.874 -4.245

=== REGIME ===
                        n     bars    wr    pf  exp_bps  t_stat  gross_bps      net  avg_win  avg_loss    mfe     mae   hold  fwd30
regime                                                                                                                             
TREND_UP         1394.000  128.000 0.347 0.566  -10.477  -3.666     -2.028  -33.976    0.092    -0.086 31.197 -25.975 15.267 -7.618
LOW_VOLATILITY   4798.000  646.000 0.317 0.212  -11.260 -20.621     -2.544 -109.471    0.019    -0.042 11.840 -12.177  7.284  1.455
BREAKOUT         3932.000  149.000 0.206 0.324  -12.986  -7.546     -4.553 -113.722    0.067    -0.054 17.271 -14.682  8.193  0.138
RANGE           24975.000 2208.000 0.323 0.263  -13.232 -35.086     -4.478 -745.824    0.033    -0.060 14.708 -16.546  8.845  0.819
BREAKDOWN        3884.000  154.000 0.203 0.302  -14.395  -7.087     -5.885 -126.272    0.069    -0.058 16.797 -16.603  8.026 -1.017
HIGH_VOLATILITY  2580.000  357.000 0.196 0.245  -16.602 -13.375     -8.025 -100.398    0.064    -0.064 18.548 -21.120  7.081 -6.197
TREND_DOWN       1724.000  130.000 0.277 0.338  -17.996  -6.334     -9.334  -73.905    0.079    -0.090 28.049 -29.315 14.967 -7.176

=== DIRECTION ===
              n     bars    wr    pf  exp_bps  t_stat  gross_bps      net  avg_win  avg_loss    mfe     mae  hold  fwd30
side                                                                                                                    
LONG  20540.000 2243.000 0.279 0.271  -14.271 -30.688     -5.593 -653.861    0.043    -0.061 16.460 -17.619 8.829 -1.549
SHORT 22747.000 2464.000 0.305 0.298  -12.608 -28.374     -3.937 -649.708    0.040    -0.059 15.778 -16.407 8.936  0.742

=== STRATEGY x REGIME x SIDE (n>=150, ranked by exp_bps) with per-period exp_bps ===
                                              n    bars    wr    pf  exp_bps  t_stat  gross_bps      net    mfe     mae   hold      P1      P2      P3      P4     P1_n     P2_n     P3_n     P4_n  periods_pos  periods_gross_pos
family           regime          side                                                                                                                                                                                             
vwap             TREND_UP        SHORT  654.000  84.000 0.498 0.749   -4.689  -1.036      3.711   -8.706 30.413 -26.577 16.922  -6.499 -24.136 -30.491  -3.167   50.000   20.000   15.000  569.000            0                  2
order_flow       BREAKOUT        LONG   639.000  46.000 0.365 0.679   -6.122  -1.564      1.834   -7.309 22.744 -14.073  7.071 -12.915 -15.577   8.122  -8.024   43.000   40.000  107.000  449.000            1                  2
trend_following  TREND_DOWN      SHORT  155.000  26.000 0.329 0.586   -8.487  -0.969     -0.344   -2.633 33.240 -22.892 33.790 -23.619     NaN  24.201  11.487   90.000      NaN    5.000   60.000            2                  2
mean_reversion   LOW_VOLATILITY  SHORT  930.000 130.000 0.377 0.236   -8.650  -6.917      0.208  -17.885 11.401 -11.387  6.485 -12.194  -1.742 -21.713  -7.939  181.000  351.000  150.000  248.000            0                  2
vwap             LOW_VOLATILITY  SHORT  600.000 165.000 0.417 0.388   -8.920  -6.510     -0.455   -9.811 14.496 -12.317 13.612 -15.901 -10.816  -7.314  -6.282   65.000  180.000  137.000  218.000            0                  2
order_flow       BREAKDOWN       SHORT  399.000  42.000 0.338 0.506   -9.713  -2.478     -1.505   -7.673 17.600 -15.253  8.833 -18.011  -9.643 -29.800  -5.485   77.000   10.000   28.000  284.000            0                  1
hybrid           LOW_VOLATILITY  SHORT  186.000  87.000 0.290 0.323   -9.990  -4.130     -1.851   -3.160 12.625 -11.621  6.569  -8.779 -12.410  -9.166   7.037   65.000   70.000   48.000    3.000            1                  1
scalping         RANGE           SHORT 1848.000 337.000 0.248 0.203  -10.159 -14.694     -1.602  -46.314 10.286 -10.359  3.133  -9.453 -11.456 -13.113 -11.830 1335.000  255.000  141.000  117.000            0                  0
                 HIGH_VOLATILITY SHORT  397.000  91.000 0.214 0.249  -11.129  -5.727     -2.575  -13.073 16.254 -14.760  4.172  -8.776 -23.604 -15.183 -18.538  299.000   20.000   37.000   41.000            0                  0
vwap             LOW_VOLATILITY  LONG   735.000 161.000 0.369 0.282  -11.409  -7.738     -2.736  -17.067 16.723 -14.126 10.319 -17.883  -4.939 -11.646 -13.017   98.000  156.000  291.000  190.000            0                  1
scalping         LOW_VOLATILITY  LONG   337.000  99.000 0.175 0.055  -11.600 -12.598     -3.023   -8.011  6.401  -7.556  2.933 -11.872 -11.008 -10.243 -11.920  225.000   42.000   35.000   35.000            0                  0
                 BREAKOUT        LONG   215.000  66.000 0.126 0.093  -11.798  -7.698     -3.051   -6.427  8.268  -9.715  2.830 -14.680  -5.038 -11.985 -10.697   89.000   29.000   36.000   61.000            0                  1
hybrid           RANGE           SHORT  656.000 230.000 0.233 0.396  -12.205  -7.923     -3.837  -14.185 18.501 -15.829  8.677  -3.596 -20.225 -21.721 -21.426  329.000  184.000  130.000   13.000            0                  1
order_flow       HIGH_VOLATILITY LONG   540.000  63.000 0.265 0.468  -12.363  -3.511     -4.072  -14.282 23.403 -20.830  7.957 -11.790 -17.992 -21.945  -9.615   27.000   20.000  102.000  391.000            0                  0
mean_reversion   LOW_VOLATILITY  LONG  1374.000 183.000 0.333 0.186  -12.395 -10.633     -3.523  -35.114 12.467 -14.033  6.314 -18.397 -12.251  -8.795 -13.740  170.000  464.000  394.000  346.000            0                  1
vwap             RANGE           SHORT 5198.000 719.000 0.372 0.330  -12.471 -14.640     -3.708 -148.542 16.150 -17.325 11.711  -7.606 -10.086 -13.138 -15.026  256.000 1587.000 1876.000 1479.000            0                  1
order_flow       HIGH_VOLATILITY SHORT  296.000  64.000 0.291 0.385  -12.502  -3.037     -4.014   -7.962 21.836 -20.684  8.203 -15.268  -4.880 -25.934   1.544   50.000   33.000  113.000  100.000            1                  2
mean_reversion   RANGE           SHORT 5431.000 529.000 0.361 0.236  -12.579 -15.192     -3.720 -153.349 13.339 -15.931  7.652  -5.963 -14.203 -12.954 -11.829  415.000 1814.000 1958.000 1244.000            0                  1
breakout         BREAKOUT        LONG   672.000  46.000 0.192 0.314  -13.713  -3.497     -5.270  -21.886 17.972 -15.344  7.093 -13.767 -14.665 -11.191 -14.191  238.000   98.000   89.000  247.000            0                  0
vwap             RANGE           LONG  3851.000 592.000 0.396 0.296  -13.818 -13.823     -5.041 -123.562 18.057 -19.205 11.305 -25.166  -5.795 -12.282 -13.338  798.000  864.000 1017.000 1172.000            0                  1
market_structure RANGE           LONG   767.000 185.000 0.198 0.290  -13.831  -8.369     -5.209  -22.565 15.037 -16.581  9.713 -15.088 -13.295 -15.144  -9.208  303.000  288.000   99.000   77.000            0                  0
scalping         LOW_VOLATILITY  SHORT  487.000 114.000 0.119 0.038  -13.882 -17.771     -5.134  -14.407  5.289  -8.423  3.076 -12.608 -16.933 -13.879 -11.401  270.000  138.000   48.000   31.000            0                  0
momentum         BREAKDOWN       SHORT 2535.000 143.000 0.205 0.320  -14.213  -6.518     -5.705  -79.856 18.061 -16.562  8.708 -12.792  -8.926 -19.090 -10.182  693.000  503.000 1015.000  324.000            0                  0
mean_reversion   RANGE           LONG  4240.000 391.000 0.328 0.250  -14.296 -12.697     -5.455 -133.585 14.981 -18.369  8.381 -18.645 -13.194 -12.617 -14.224  766.000 1157.000 1175.000 1142.000            0                  0
scalping         BREAKDOWN       SHORT  238.000  56.000 0.105 0.015  -14.593  -8.434     -5.693   -8.605  6.870 -11.046  2.811 -15.292 -14.804  -9.986 -15.914  163.000   21.000   32.000   22.000            0                  0
momentum         BREAKOUT        LONG  2325.000 144.000 0.176 0.268  -14.693  -8.007     -6.171  -76.048 16.472 -15.125  9.284 -17.235 -12.161 -19.418  -7.823  253.000  626.000  938.000  508.000            0                  1
scalping         RANGE           LONG  1505.000 351.000 0.167 0.094  -14.914 -23.278     -6.271  -54.896  7.235 -11.442  3.464 -15.240 -17.481 -12.460  -9.007  954.000  279.000  168.000  104.000            0                  0
market_structure RANGE           SHORT  928.000 244.000 0.170 0.237  -15.245 -11.950     -6.623  -31.359 18.507 -17.927 11.216 -12.207 -22.222 -17.382 -13.705  548.000  240.000   56.000   84.000            0                  0
scalping         HIGH_VOLATILITY LONG   537.000  91.000 0.181 0.141  -15.865  -8.886     -7.126  -22.070 11.776 -19.277  3.008 -16.459 -26.790 -14.551 -12.256  418.000    3.000   60.000   56.000            0                  0
momentum         TREND_DOWN      SHORT  256.000  54.000 0.254 0.273  -17.205  -3.626     -8.566  -11.465 31.793 -25.764 12.952 -28.149 -17.616 -11.176   5.739   81.000  126.000   11.000   38.000            1                  1
hybrid           RANGE           LONG   551.000 239.000 0.156 0.167  -17.259 -11.128     -8.660  -17.466 12.983 -15.815  8.813 -22.264 -15.434 -16.496   0.152  180.000  237.000  112.000   22.000            1                  1
breakout         BREAKDOWN       SHORT  607.000  44.000 0.152 0.242  -17.325  -3.633     -8.760  -26.299 15.231 -19.482  6.784 -23.766 -14.456 -17.111  -0.504  355.000   84.000   47.000  121.000            0                  1
                 HIGH_VOLATILITY SHORT  215.000  22.000 0.228 0.241  -18.525  -2.849     -9.994   -9.762 21.387 -23.242  8.690 -34.243  -9.746 -29.700  -1.751   52.000   37.000   58.000   68.000            0                  1
vwap             TREND_DOWN      LONG   929.000  81.000 0.297 0.352  -18.799  -4.344     -9.989  -41.354 28.499 -31.994 15.388   5.215 -21.629 -72.034 -24.065  131.000  493.000    3.000  302.000            1                  1
momentum         TREND_UP        LONG   214.000  57.000 0.140 0.278  -20.497  -3.879    -11.851  -10.161 29.387 -26.112 13.166 -30.466 -21.232 -16.866 -17.803   35.000   46.000   26.000  107.000            0                  0
trend_following  TREND_UP        LONG   272.000  50.000 0.176 0.323  -22.692  -4.786    -14.176  -12.963 32.166 -29.448 16.895 -40.028     NaN  -9.026 -19.885   46.000      NaN   15.000  211.000            0                  0
hybrid           HIGH_VOLATILITY SHORT  207.000  65.000 0.126 0.212  -25.683  -6.313    -17.068  -10.525 25.101 -29.249  9.853 -31.579  -1.505 -27.522     NaN  137.000   36.000   34.000      NaN            0                  1
breakout         HIGH_VOLATILITY LONG   227.000  21.000 0.031 0.024  -25.988 -10.417    -17.088  -14.181 14.080 -24.493 12.380 -34.246 -37.949 -24.511 -16.915   60.000   25.000   65.000   77.000            0                  0
hybrid           HIGH_VOLATILITY LONG   152.000  62.000 0.079 0.074  -28.182 -10.584    -19.405   -8.455 18.205 -27.210  9.766 -34.243 -41.868 -12.451  -1.929   97.000   13.000   32.000   10.000            0                  1

Combos with net exp>0 in >=3 of 4 periods: 0  in all 4: 0  of 39
Combos with GROSS exp>0 in all 4 periods: 0

=== Overall net exp by period ===
            n    wr     exp  gross  fwd10
period                                   
P1      10822 0.231 -15.371 -6.735 -2.063
P2      10822 0.327 -12.445 -3.701  3.216
P3      10821 0.277 -14.298 -5.527  1.551
P4      10822 0.335 -11.475 -2.930  2.204
