=== 2. DATA INTEGRITY (backup is a static snapshot: anomalies are present in it by definition) ===
stale-rollover trades: 202  closed<opened: 189  net distortion $-34.03
stale-rollover by rollover time: {Timestamp('2026-09-28 00:38:00+0000', tz='UTC'): 7, Timestamp('2026-09-29 00:40:00+0000', tz='UTC'): 89, Timestamp('2026-09-30 00:42:00+0000', tz='UTC'): 106}
other rollovers (clean): {Timestamp('2026-10-01 00:54:00+0000', tz='UTC'): 8, Timestamp('2026-10-02 00:55:00+0000', tz='UTC'): 345}
missing analytics rows: 36  of which rollover: 0
ledger mismatches realized!=sum(net): 87  all with stale trade: True
balance drift agents: 159  by gen: {1: 7, 2: 48, 3: 101, 6: 3}  total $ 1.3889  max |$| 0.0368
research population impact: stale trades are 0.46% of trades; excluded from all research below

=== 3. CLEAN RESEARCH DATASET ===
candles: 12027  2026-09-24 08:00:00+00:00 -> 2026-10-02 16:26:00+00:00
trades raw 43878 | removed: stale-rollover 202, clean rollover 353, no analytics 36 | usable 43287
trade range 2026-09-27 08:12:00+00:00 -> 2026-10-02 15:53:59.999000+00:00 | agents 2725 | generations 6
unique signal bars 3772 | unique (bar,side) 4707 | unique (bar,family,side) 6500
trades per signal bar: mean 11.5 median 4 p90 30 max 290
ICC(net_bps | bar,side)=0.750  avg cluster size m0=9.2  design effect=7.1  Kish effective n=6058
distinct trading hours 126 | distinct 2h blocks 64
autocorr of hourly mean net_bps (lag1): -0.045
between-generation sd of mean net_bps: 2.4  between-family sd: 4.18

=== 4. BASELINE (clean, trade-level, $ and bps) ===
                segment                                                        window  slippage  gross_pnl  trades  win_rate    pf    exp  exp_bps  gross_exp_bps       net  gross_profit  gross_loss    fees  funding  avg_win  avg_loss  payoff  be_wr   max_dd  hold_avg_min  hold_med_min
                    ALL        2026-09-27 08:11:00+00:00 -> 2026-10-02 15:30:00+00:00   466.347   -461.429   43287     0.293 0.285 -0.030  -13.397         -4.723 -1303.569       519.298    1822.867 842.197   -0.058    0.041    -0.060   0.689  0.592 1303.569         8.885         5.983
               LAST_72h                            closed > 2026-09-29 16:27:00+00:00   256.871   -228.000   23540     0.308 0.290 -0.029  -12.913         -4.250  -687.783       280.320     968.103 459.781    0.001    0.039    -0.059   0.652  0.606  688.098         9.416         5.983
               LAST_48h                            closed > 2026-09-30 16:27:00+00:00   163.873   -125.090   15043     0.312 0.316 -0.028  -12.130         -3.543  -418.064       193.244     611.308 293.017   -0.043    0.041    -0.059   0.698  0.589  418.086         9.835         5.983
               LAST_24h                            closed > 2026-10-01 16:27:00+00:00    75.013    -31.350    7266     0.356 0.444 -0.023  -10.383         -1.906  -166.442       132.795     299.237 135.112   -0.020    0.051    -0.064   0.801  0.555  166.442         9.145         5.983
                  GEN_6 2026-10-02 00:57:00+00:00 -> 2026-10-02 15:53:59.999000+00:00    60.768    -20.611    5957     0.366 0.475 -0.022   -9.917         -1.469  -130.544       118.236     248.779 109.958   -0.025    0.054    -0.066   0.823  0.548  134.463         9.480         5.983
        family=breakout                                                           all    18.492    -37.365    1721     0.161 0.232 -0.042  -17.207         -8.650   -72.128        21.820      93.948  34.758    0.005    0.079    -0.065   1.211  0.452   72.432         7.881         4.983
          family=hybrid                                                           all    17.874    -33.544    2100     0.185 0.236 -0.031  -16.934         -8.442   -64.865        20.081      84.946  31.338   -0.017    0.052    -0.050   1.040  0.490   64.865         8.555         5.983
family=market_structure                                                           all    19.500    -27.118    1901     0.188 0.281 -0.033  -15.033         -6.428   -62.067        24.208      86.275  34.956   -0.007    0.068    -0.056   1.209  0.453   63.125        10.648         6.983
  family=mean_reversion                                                           all   131.748   -106.537   11975     0.348 0.237 -0.028  -12.861         -4.007  -339.933       105.394     445.327 233.399   -0.003    0.025    -0.057   0.444  0.692  339.933         7.666         5.983
        family=momentum                                                           all    53.498    -76.230    5335     0.192 0.293 -0.033  -14.823         -6.296  -177.762        73.649     251.411 101.530    0.001    0.072    -0.058   1.233  0.448  177.949         9.335         6.983
      family=order_flow                                                           all    19.841     -1.975    2105     0.323 0.562 -0.018   -8.915         -0.715   -38.233        48.986      87.219  36.251    0.007    0.072    -0.061   1.177  0.459   39.531         8.152         4.983
        family=scalping                                                           all    62.957    -61.939    5747     0.190 0.136 -0.032  -12.961         -4.322  -183.855        28.923     212.778 121.933   -0.016    0.027    -0.046   0.581  0.633  183.855         3.244         1.983
 family=trend_following                                                           all     4.428     -7.982     427     0.232 0.388 -0.037  -17.536         -9.155   -15.596         9.909      25.505   7.616   -0.001    0.100    -0.078   1.287  0.437   16.515        23.028        11.983
      family=volatility                                                           all     0.091      0.115       9     0.111 0.583 -0.010   -4.045          4.621    -0.087         0.122       0.209   0.202    0.000    0.122    -0.026   4.664  0.177    0.209         7.872         7.983
            family=vwap                                                           all   137.918   -108.854   11967     0.383 0.348 -0.029  -12.727         -3.996  -349.042       186.208     535.250 240.214   -0.027    0.041    -0.072   0.561  0.641  349.082        12.160         7.983
       regime=BREAKDOWN                                                           all    38.995    -52.074    3884     0.203 0.302 -0.033  -14.395         -5.885  -126.272        54.724     180.996  74.256   -0.057    0.069    -0.058   1.186  0.457  127.031         8.026         5.983
        regime=BREAKOUT                                                           all    38.709    -40.572    3932     0.206 0.324 -0.029  -12.986         -4.553  -113.722        54.548     168.270  73.075    0.074    0.067    -0.054   1.248  0.445  119.532         8.193         5.983
 regime=HIGH_VOLATILITY                                                           all    28.231    -48.215    2580     0.196 0.245 -0.039  -16.602         -8.025  -100.398        32.569     132.967  52.228   -0.045    0.064    -0.064   1.004  0.499  101.200         7.081         3.983
  regime=LOW_VOLATILITY                                                           all    47.534    -23.491    4798     0.317 0.212 -0.023  -11.260         -2.544  -109.471        29.373     138.844  85.996   -0.016    0.019    -0.042   0.455  0.687  109.620         7.284         4.983
           regime=RANGE                                                           all   277.799   -251.609   24975     0.323 0.263 -0.030  -13.232         -4.478  -745.824       265.992    1011.816 494.216   -0.001    0.033    -0.060   0.550  0.645  745.824         8.845         5.983
      regime=TREND_DOWN                                                           all    20.175    -38.616    1724     0.277 0.338 -0.043  -17.996         -9.334   -73.905        37.797     111.702  35.288    0.002    0.079    -0.090   0.885  0.531   73.905        14.967         5.983
        regime=TREND_UP                                                           all    14.903     -6.852    1394     0.347 0.566 -0.024  -10.477         -2.028   -33.976        44.296      78.272  27.139   -0.014    0.092    -0.086   1.064  0.484   38.787        15.267         8.983
              side=LONG                                                           all   219.900   -258.325   20540     0.279 0.271 -0.032  -14.271         -5.593  -653.861       243.408     897.269 395.101    0.435    0.043    -0.061   0.702  0.588  653.978         8.829         5.983
             side=SHORT                                                           all   246.447   -203.104   22747     0.305 0.298 -0.029  -12.608         -3.937  -649.708       275.890     925.598 447.097   -0.493    0.040    -0.059   0.679  0.596  650.894         8.936         5.983

SIGNAL UNIVERSE: all directional decisions 451547 -> unique (bar,family,side) 17935; traded unique signals 6500

=== 5. SIGNAL HORIZON (signed fwd return from next-bar open, bps; t clustered on 2h blocks) ===
      universe  horizon_min     n  blocks  mean_bps  median_bps  sd_bps  dir_accuracy  t_cluster  mean_abs_move  mfe_mean  mae_mean  S1_current_exp  S6_plausible_maker_exp  S3_maker_both_exp  S0_frictionless_pf
   ALL_SIGNALS            1 17934      65    -0.018       0.000   8.871         0.472     -0.272          6.245     5.151    -5.049         -13.518                  -8.018             -3.018               0.994
   ALL_SIGNALS            3 17932      65    -0.021       0.000  15.614         0.480     -0.138         11.212    10.140    -9.940         -13.521                  -8.021             -3.021               0.996
   ALL_SIGNALS            5 17930      65    -0.095       0.000  20.157         0.480     -0.431         14.634    13.527   -13.319         -13.595                  -8.095             -3.095               0.987
   ALL_SIGNALS           10 17921      65    -0.276      -0.820  27.550         0.480     -0.650         20.125    19.539   -19.469         -13.776                  -8.276             -3.276               0.973
   ALL_SIGNALS           15 17913      65    -0.228      -0.835  32.801         0.483     -0.390         24.215    23.983   -24.169         -13.728                  -8.228             -3.228               0.981
   ALL_SIGNALS           30 17897      64     0.901       0.000  45.424         0.492      1.065         33.633    34.348   -34.072         -12.599                  -7.099             -2.099               1.055
   ALL_SIGNALS           60 17859      64     1.719       1.611  66.023         0.504      1.732         49.662    49.890   -48.614         -11.781                  -6.281             -1.281               1.072
TRADED_SIGNALS            1  6500      64    -0.000       0.000   8.668         0.472     -0.003          6.198     5.172    -5.033         -13.500                  -8.000             -3.000               1.000
TRADED_SIGNALS            3  6500      64    -0.172       0.000  15.118         0.476     -0.750         11.016    10.043    -9.960         -13.672                  -8.172             -3.172               0.969
TRADED_SIGNALS            5  6500      64    -0.382      -0.840  19.952         0.472     -1.105         14.782    13.370   -13.531         -13.882                  -8.382             -3.382               0.950
TRADED_SIGNALS           10  6500      64    -0.590      -0.847  27.244         0.474     -1.084         20.208    19.297   -19.905         -14.090                  -8.590             -3.590               0.943
TRADED_SIGNALS           15  6500      64    -0.907      -1.671  32.257         0.471     -1.389         24.323    23.610   -24.769         -14.407                  -8.907             -3.907               0.928
TRADED_SIGNALS           30  6500      64    -0.351      -1.675  43.296         0.474     -0.383         32.296    33.172   -34.398         -13.851                  -8.351             -3.351               0.979
TRADED_SIGNALS           60  6498      64     1.828       0.845  63.320         0.503      1.432         47.689    48.408   -47.980         -11.672                  -6.172             -1.172               1.080

TRADED by family, mean fwd bps (t):
horizon_min                 1      3      5      10     15     30     60
universe                                                                
TRADED|breakout         -0.220 -0.730 -1.690 -0.430 -1.230  3.730 13.140
TRADED|hybrid           -0.160 -0.810 -1.880 -4.000 -4.200 -2.220  0.690
TRADED|market_structure  0.090 -0.040  0.210 -0.030  0.320  1.340  2.530
TRADED|mean_reversion   -0.100 -0.300 -0.010  1.050  1.170 -0.960  1.070
TRADED|momentum          0.040 -0.420 -1.450 -0.960 -1.350 -0.860 -0.610
TRADED|order_flow        0.400  0.810  1.000  3.450  3.130 10.020 12.740
TRADED|scalping          0.260  0.070 -0.430 -1.660 -1.800 -0.930 -1.170
TRADED|vwap             -0.050  0.100  0.170  0.130 -0.760 -0.580  3.740
horizon_min                 1      3      5      10     15     30     60
universe                                                                
TRADED|breakout         -0.200 -0.380 -0.570 -0.120 -0.290  0.640  1.420
TRADED|hybrid           -0.940 -1.970 -3.020 -4.320 -3.130 -1.160  0.230
TRADED|market_structure  0.230 -0.040  0.140 -0.010  0.090  0.340  0.420
TRADED|mean_reversion   -0.440 -0.570 -0.020  0.910  0.770 -0.440  0.370
TRADED|momentum          0.100 -0.470 -1.180 -0.440 -0.560 -0.220 -0.120
TRADED|order_flow        0.440  0.600  0.480  1.100  0.850  2.090  2.580
TRADED|scalping          1.240  0.180 -0.900 -2.430 -1.910 -0.630 -0.730
TRADED|vwap             -0.240  0.250  0.280  0.130 -0.510 -0.230  0.920

=== 6. COST SENSITIVITY on ACTUAL trades (mid-price outcome minus scenario cost; $ via notional) ===
                scenario level  trades  exp_bps  t_cluster    pf  win_rate   net_usd  max_dd_usd  avg_win_bps  avg_loss_bps  be_wr
S1_current(actual fills) trade   43287  -13.397    -19.430 0.286     0.293 -1303.569    1303.569       18.346       -26.523  0.591
       S2_lower_slippage trade   43287  -10.590    -16.023 0.353     0.310 -1031.239    1031.239       18.584       -23.726  0.561
           S3_maker_both trade   43287   -2.915     -4.483 0.737     0.364  -286.021     292.968       22.426       -17.414  0.437
        S4_zero_slippage trade   43287   -8.590    -12.997 0.427     0.328  -837.280     837.280       19.560       -22.301  0.533
             S5_zero_fee trade   43287   -4.723     -6.957 0.629     0.359  -461.429     461.448       22.294       -19.842  0.471
      S6_plausible_maker trade   43287   -7.915    -12.171 0.448     0.334  -770.918     770.918       19.201       -21.509  0.528
         S0_frictionless trade   43287    0.085      0.130 1.009     0.380     4.917      67.998       24.450       -14.818  0.377
level               traded_signal_fixed_10m_exit  traded_signal_fixed_30m_exit  traded_signal_fixed_5m_exit  traded_signal_fixed_60m_exit
scenario                                                                                                                                 
S0_frictionless                           -0.590                        -0.350                       -0.380                         1.830
S1_current                               -14.090                       -13.850                      -13.880                       -11.670
S2_lower_slippage                        -11.590                       -11.350                      -11.380                        -9.170
S3_maker_both                             -3.590                        -3.350                       -3.380                        -1.170
S4_zero_slippage                          -9.590                        -9.350                       -9.380                        -7.170
S5_zero_fee                               -5.390                        -5.150                       -5.180                        -2.970
S6_plausible_maker                        -8.590                        -8.350                       -8.380                        -6.170

=== 9. STRATEGY FAMILIES ===
quarters: ['2026-09-27 08:11:00+00:00', '2026-09-28 16:00:45+00:00', '2026-09-29 23:50:30+00:00', '2026-10-01 07:40:15+00:00', '2026-10-02 15:30:00.001000+00:00']
          family  signals_all  signals_traded  trades  win_rate  gross_exp_bps  mid_exp_bps  t_mid  net_exp_bps    pf  net_usd  hold_min  fee_bps  slip_bps  max_dd_usd  Q1_mid_bps  Q2_mid_bps  Q3_mid_bps  Q4_mid_bps  quarters_mid_pos  quarters_net_pos  allsig_fwd30  allsig_fwd30_t
      volatility            7               3       9     0.111          4.621        8.658  1.356       -4.045 0.583   -0.087     7.872    8.666     4.038       0.209       8.658         NaN         NaN         NaN                 1                 0       -16.177          -0.862
      order_flow          512             271    2105     0.323         -0.715        3.784  0.946       -8.915 0.562  -38.233     8.152    8.198     4.499      39.531      -3.132       2.909       3.051       5.376                 3                 0         5.698           1.661
            vwap         5475            1802   11967     0.383         -3.996        1.022  0.651      -12.727 0.348 -349.042    12.160    8.732     5.019     349.082      -2.995       3.540       0.354       1.839                 3                 0         0.400           0.212
  mean_reversion         2207            1233   11975     0.348         -4.007        0.986  0.939      -12.861 0.237 -339.933     7.666    8.854     4.993     339.933      -0.398       1.569       1.272       0.561                 3                 0        -1.023          -0.467
        scalping         3095            1260    5747     0.190         -4.322        0.123  0.401      -12.961 0.136 -183.855     3.244    8.640     4.445     183.855       0.193      -0.996       0.295       1.183                 3                 0         0.149           0.145
market_structure         1375             479    1901     0.188         -6.428       -1.620 -0.959      -15.033 0.281  -62.067    10.648    8.607     4.808      63.125      -2.081       1.010      -5.210       0.285                 2                 0         2.344           0.668
        momentum          725             399    5335     0.192         -6.296       -1.811 -1.055      -14.823 0.293 -177.762     9.335    8.527     4.486     177.949      -2.584       0.175      -4.066       2.298                 2                 0         0.973           0.258
          hybrid         4143             844    2100     0.185         -8.442       -3.612 -3.215      -16.934 0.236  -64.865     8.555    8.496     4.830      64.865      -4.009      -3.616      -3.699       2.525                 1                 0         1.826           0.806
        breakout          161             133    1721     0.161         -8.650       -4.050 -1.538      -17.207 0.232  -72.128     7.881    8.556     4.601      72.432      -9.547       3.260       3.628      -3.037                 2                 0         5.819           0.938
 trend_following          235              76     427     0.232         -9.155       -4.298 -0.707      -17.536 0.388  -15.596    23.028    8.384     4.857      16.515     -11.183         NaN      16.810      -3.396                 1                 1         2.202           0.603

=== 10. REGIMES (traded signals; fwd at 10/30/60m frictionless & S1) ===
             level          regime  signals  bars  fwd10  fwd30  fwd30_t   fwd60  fwd60_t  fwd30_S1  mfe30   mae30  actual_net_bps  Q1_fwd30  Q2_fwd30  Q3_fwd30  Q4_fwd30
     regime|traded       BREAKDOWN      322   154 -2.466 -0.214   -0.046  -4.736   -0.652   -13.714 35.666 -37.547         -14.753     1.504     7.124    -5.276    -2.400
     regime|traded        BREAKOUT      339   149  2.684  3.550    0.625  14.800    1.699    -9.950 36.897 -30.148         -12.247    -2.057    -3.129     6.114    11.802
     regime|traded HIGH_VOLATILITY      482   357 -3.129  0.494    0.081   9.790    1.541   -13.006 40.486 -41.473         -15.497   -11.484    28.728    -0.805    10.056
     regime|traded  LOW_VOLATILITY     1012   646 -0.619 -0.585   -0.286   4.181    1.506   -14.085 29.553 -30.763         -12.990    -4.267    -0.643    -0.473     5.302
     regime|traded           RANGE     3817  2208 -0.016 -0.066   -0.061   0.477    0.262   -13.566 31.537 -32.955         -13.897    -0.471    -1.765     1.165     0.950
     regime|traded      TREND_DOWN      262   130 -4.619 -5.907   -1.074   0.964    0.234   -19.407 38.718 -44.948         -15.599   -16.968    -4.457     3.110     1.827
     regime|traded        TREND_UP      266   128 -2.033 -4.746   -1.859  -9.910   -2.489   -18.246 43.918 -47.318         -13.876    -8.711   -10.147     4.928    -5.722
regime|all_signals       BREAKDOWN      539   177 -2.464  2.431    0.439  -1.694   -0.190   -11.069 40.243 -38.813             NaN     5.990     9.219    -5.160     0.690
regime|all_signals        BREAKOUT      525   163  2.841  3.172    0.719  11.215    1.434   -10.328 36.609 -30.000             NaN    -1.137    -1.572     2.646    12.361
regime|all_signals HIGH_VOLATILITY     1355   802 -4.435 -1.160   -0.298   7.472    1.507   -14.660 40.296 -42.926             NaN    -8.588     6.172    -6.474     8.805
regime|all_signals  LOW_VOLATILITY     3233  1353 -0.607  0.023    0.017   3.723    1.602   -13.477 29.414 -30.348             NaN    -2.904     1.402    -1.995     3.328
regime|all_signals           RANGE    10670  3985  0.160  0.990    1.230   0.818    0.679   -12.510 32.826 -32.662             NaN    -0.960    -0.021     2.257     4.072
regime|all_signals      TREND_DOWN      888   209  1.178  3.251    1.012   5.483    1.687   -10.249 41.852 -37.481             NaN    -6.355     4.626     4.843    10.296
regime|all_signals        TREND_UP      722   168  0.174  1.758    0.434 -13.764   -2.187   -11.742 52.508 -50.138             NaN   -11.260   -10.557    11.752     1.215

fam_regime_side|traded: combos(bars>=30)=40  fwd30>cost(13.5) overall=4  positive fwd30 in all 4 quarters=4  >cost in >=3 quarters=0  |t|>2.5 & fwd30>0: 0
          family          regime  side  signals  bars  fwd30  fwd30_t   fwd60  fwd60_t  Q1_fwd30  Q2_fwd30  Q3_fwd30  Q4_fwd30  quarters_fwd30_pos
          hybrid HIGH_VOLATILITY SHORT       65    65 16.819    1.338  41.468    2.686    13.110    73.226   -16.907       NaN                   2
      order_flow HIGH_VOLATILITY SHORT       64    64 15.668    1.585  31.586    2.279     7.268    47.280    10.025     6.730                   4
market_structure           RANGE  LONG      185   185 14.438    2.127  21.445    1.684     1.069    27.568     1.861    30.912                   4
      order_flow        BREAKOUT  LONG       46    46 14.142    1.764  32.084    2.943    23.476     7.421    10.137    18.185                   4
          hybrid  LOW_VOLATILITY SHORT       87    87 12.415    1.250   7.549    0.530    23.456     9.617    -2.393    20.785                   3
        scalping  LOW_VOLATILITY SHORT      114   114 12.162    1.320  10.088    0.973    20.511    11.607     2.171     7.913                   4
      order_flow HIGH_VOLATILITY  LONG       63    63  8.930    0.855  11.642    0.794   -24.502    -6.135     7.106    25.003                   2
        breakout       BREAKDOWN SHORT       44    44  6.931    0.630   5.273    0.339    -5.589    38.626   -17.291    20.236                   2
        breakout        BREAKOUT  LONG       46    46  5.996    0.713  21.855    2.172    -5.650    11.143     7.503     7.649                   3
        scalping        BREAKOUT  LONG       66    66  3.459    0.621  12.897    1.518    -1.166    -9.247     2.518    12.066                   2
  mean_reversion           RANGE  LONG      391   391  3.148    0.750   5.811    0.723    -3.845    15.783    -1.711     5.242                   2
        momentum        TREND_UP  LONG       57    57  2.395    0.198 -17.672   -2.318   -40.123   -19.163    55.050     1.929                   2

fam_regime_side|all_signals: combos(bars>=30)=49  fwd30>cost(13.5) overall=3  positive fwd30 in all 4 quarters=3  >cost in >=3 quarters=1  |t|>2.5 & fwd30>0: 1
          family          regime  side  signals  bars  fwd30  fwd30_t  fwd60  fwd60_t  Q1_fwd30  Q2_fwd30  Q3_fwd30  Q4_fwd30  quarters_fwd30_pos
market_structure        TREND_UP  LONG       54    54 20.057    0.899  2.834    0.116   -23.632   -94.167    76.363    19.787                   2
      order_flow HIGH_VOLATILITY SHORT      144   144 14.566    1.897 32.048    2.709    12.595    46.148     7.167    -7.435                   3
 trend_following      TREND_DOWN SHORT       96    96 14.323    4.108 23.099    1.994     4.572       NaN    14.327    19.046                   3
market_structure           RANGE  LONG      589   589 13.180    2.251 14.970    1.574     7.881     8.831    23.177    22.401                   4
          hybrid HIGH_VOLATILITY SHORT      287   287 10.937    1.546 36.397    3.389    12.322    29.930   -16.297    28.173                   3
            vwap        TREND_UP SHORT      168   168  9.967    1.208 37.393    2.713    23.632    50.566     2.527     4.123                   4
          hybrid      TREND_DOWN SHORT      108   108  9.742    0.883 22.230    1.728   -15.273    15.967    19.311    31.251                   3
        momentum      TREND_DOWN SHORT      206   206  8.770    1.207 13.387    1.595   -10.331    10.991    12.810    19.177                   3
          hybrid        TREND_UP  LONG       76    76  8.132    0.509 -8.050   -0.428       NaN   -48.783    27.081    16.864                   2
        breakout       BREAKDOWN SHORT       47    47  8.057    0.703  5.022    0.319    -5.859    45.866   -17.291    15.934                   2
          hybrid  LOW_VOLATILITY SHORT      455   455  7.267    1.048  4.374    0.378    11.470     9.594     0.610    -0.823                   3
      order_flow       BREAKDOWN SHORT       60    60  7.253    0.885  1.173    0.118     1.803    30.988    -5.584     7.974                   3

=== 11. DIRECTION (all signals, mean fwd bps by horizon; cluster t at 30m) ===
condition                value  side  signals   fwd1   fwd3    fwd5   fwd10   fwd15   fwd30   fwd60    t30  Q1_fwd30  Q2_fwd30  Q3_fwd30  Q4_fwd30
     none                    -  LONG     8721  0.087  0.138   0.118  -0.062  -0.025   0.785   0.384  0.282    -6.385     2.272     2.499     5.939
     none                    - SHORT     9214 -0.118 -0.170  -0.297  -0.478  -0.421   1.011   2.979  0.423     2.047    -0.159    -0.005     3.146
   regime            BREAKDOWN  LONG       11 -0.109 -1.675  -5.413  -6.840 -13.888 -28.144 -50.700 -1.459   -30.998   -42.518    -8.691   -59.548
   regime            BREAKDOWN SHORT      528 -0.431 -0.214  -1.139  -2.373  -0.266   3.068  -0.673  0.527     6.473    10.096    -5.042     1.816
   regime             BREAKOUT  LONG      513  1.547  2.580   2.004   3.105  -0.326   3.050  11.527  0.669    -0.976    -1.857     2.861    11.750
   regime             BREAKOUT SHORT       12 -3.904 -1.487  -4.853  -8.461   3.043   8.370  -2.115  0.896   -18.874     4.737   -12.513    38.639
   regime      HIGH_VOLATILITY  LONG      678 -1.450 -3.692  -5.953 -11.100 -12.530 -12.438 -16.882 -1.869   -37.392   -22.014   -10.313    14.662
   regime      HIGH_VOLATILITY SHORT      677  0.143  0.498   0.134   2.240   3.116  10.136  31.863  1.605    11.405    32.401    -2.724    -2.290
   regime       LOW_VOLATILITY  LONG     1485 -0.204 -0.628  -1.127  -1.805  -1.552  -5.659  -2.914 -0.846    -5.838    -6.834    -7.093    -0.182
   regime       LOW_VOLATILITY SHORT     1748 -0.113  0.115   0.389   0.410   0.054   4.851   9.361  0.936     0.295     7.503     1.558     8.042
   regime                RANGE  LONG     5261  0.275  0.753   1.243   1.778   2.143   4.904   6.548  1.403    -3.407    11.205     6.073     7.466
   regime                RANGE SHORT     5409 -0.180 -0.518  -0.730  -1.415  -1.711  -2.824  -4.738 -1.052     1.585   -10.354    -1.360     0.767
   regime           TREND_DOWN  LONG      259 -0.251 -0.405  -0.271  -2.599  -4.732  -8.181 -15.208 -1.208    11.007    -9.266   -14.744   -19.666
   regime           TREND_DOWN SHORT      629  0.245  0.863   1.257   2.734   5.055   7.958  13.930  1.110   -12.689    10.744    14.003    20.928
   regime             TREND_UP  LONG      512 -0.265 -0.996  -1.287  -1.023   1.776  -2.275 -32.265 -0.252   -23.836   -52.007    13.197     1.137
   regime             TREND_UP SHORT      210  0.468  1.329   1.555   3.091   0.486  11.591  31.343  1.183    21.436    41.866     7.780     1.422
   regime            UNCERTAIN  LONG        2  0.835 -7.093 -21.691  -2.504 -17.101 -14.184  -1.252    NaN       NaN   -14.184       NaN       NaN
   regime            UNCERTAIN SHORT        1  9.190  3.342 -15.039  -5.848 -21.723   0.000 -11.697    NaN       NaN     0.000       NaN       NaN
 volstate             HIGH_VOL  LONG     3234  0.091 -0.104  -0.528  -1.248  -1.965  -4.242 -11.422 -0.975   -10.503     1.558    -3.422    -3.200
 volstate             HIGH_VOL SHORT     3176  0.040  0.052   0.083   0.634   1.861   6.600  15.121  1.451     3.756    -1.898    16.188    18.586
 volstate              LOW_VOL  LONG     1119  0.257  0.460   0.819   2.376   3.876   4.425  12.630  1.040     7.146     4.642    -0.693    10.363
 volstate              LOW_VOL SHORT     1349 -0.186 -0.248  -0.575  -1.828  -2.055  -0.592  -4.096 -0.138    -5.329     3.227     0.137    -5.179
 volstate              MID_VOL  LONG     4368  0.040  0.234   0.417   0.190   0.409   3.559   5.865  0.868    -5.149     2.291     6.281    13.580
 volstate              MID_VOL SHORT     4689 -0.206 -0.299  -0.474  -0.840  -1.489  -2.285  -3.132 -0.719     1.753     0.096    -5.839    -7.299
 momstate AGAINST_10m_MOMENTUM  LONG     3528  0.049  0.644   0.955   1.020   0.791   0.677   2.502  0.210    -4.891     3.430    -3.178     7.877
 momstate AGAINST_10m_MOMENTUM SHORT     4136 -0.090  0.096   0.207   0.270  -0.381  -0.335   1.179 -0.127     2.720    -3.297    -0.755     2.038
 momstate    WITH_10m_MOMENTUM  LONG     5193  0.112 -0.206  -0.451  -0.798  -0.579   0.858  -1.051  0.249    -7.381     1.520     6.263     4.484
 momstate    WITH_10m_MOMENTUM SHORT     5078 -0.141 -0.387  -0.707  -1.086  -0.453   2.105   4.442  0.717     1.612     2.684     0.624     4.139

=== 12. ENTRY QUALITY (traded signals; mid prices; 30m window; cost 13.5) ===
view                      OPPOSITE_direction_benchmark  actual_direction
cls                                                                     
A_bad_direction                                  0.124             0.138
B_insufficient_magnitude                         0.154             0.177
C_poor_persistence                               0.368             0.351
G_reached_cost_and_held                          0.353             0.334
D_execution: signals with mid-price P&L > 0 but net <= 0: 0.124 | mean mid -0.49 vs net -13.90 bps
first-bar adverse (mae_1 < -mfe_1): 0.491  | flipped benchmark: 0.497
median bars to MFE60 / MAE60: 28.0 / 26.0
 horizon    mfe     mae    fwd  share_mfe_gt_cost  share_mae_gt_cost  mfe_minus_abs_mae
       1  5.172  -5.033 -0.000              0.083              0.087              0.139
       3 10.043  -9.960 -0.172              0.260              0.269              0.083
       5 13.370 -13.531 -0.382              0.369              0.385             -0.161
      10 19.297 -19.905 -0.590              0.512              0.540             -0.609
      15 23.610 -24.769 -0.907              0.583              0.622             -1.158
      30 33.172 -34.398 -0.351              0.685              0.721             -1.225
      60 48.408 -47.980  1.828              0.785              0.806              0.429

DONE
